0 0.0875 0.75 0.034375 0.0671875
0 0.19765625 0.70625 0.0296875 0.0671875
4 0.13515625 0.66640625 0.225 0.278125
4 0.16015625 0.35546875 0.084375 0.1078125
3 0.14921875 0.36875 0.01875 0.025
3 0.184375 0.359375 0.009375 0.0234375
3 0.4078125 0.43359375 0.0140625 0.03125
3 0.4546875 0.4328125 0.0203125 0.034375
0 0.54609375 0.39375 0.0203125 0.0328125
0 0.5015625 0.403125 0.0125 0.025
4 0.4359375 0.415625 0.10625 0.153125
4 0.5328125 0.36953125 0.0921875 0.1421875
0 0.984375 0.0578125 0.03125 0.0328125