4 0.14140625 0.66171875 0.2265625 0.278125
0 0.0953125 0.74296875 0.0328125 0.0625
0 0.203125 0.70078125 0.0265625 0.0578125
3 0.11953125 0.36328125 0.0171875 0.025
4 0.13046875 0.35078125 0.0828125 0.1046875
1 0.40703125 0.43203125 0.015625 0.034375
1 0.4546875 0.43203125 0.01875 0.034375
4 0.4359375 0.415625 0.10625 0.15
4 0.53984375 0.36640625 0.0890625 0.1421875
0 0.5546875 0.3921875 0.0203125 0.03125
0 0.509375 0.3984375 0.0109375 0.028125
0 0.9875 0.059375 0.025 0.028125
3 0.1546875 0.3515625 0.0125 0.03125