4 0.46796875 0.778125 0.1078125 0.140625
4 0.19453125 0.671875 0.0640625 0.0859375
4 0.7046875 0.66015625 0.059375 0.0859375
4 0.65546875 0.6328125 0.0484375 0.059375
4 0.91015625 0.7125 0.1265625 0.10625
4 0.784375 0.6171875 0.0515625 0.0671875
0 0.4703125 0.80546875 0.034375 0.0328125
3 0.7953125 0.63203125 0.0171875 0.015625
3 0.87578125 0.7265625 0.0171875 0.0296875
0 0.2046875 0.68828125 0.01875 0.0171875
0 0.1703125 0.6984375 0.0171875 0.01640625
0 0.66328125 0.64609375 0.0171875 0.01875
0 0.6390625 0.63984375 0.01171875 0.01640625
3 0.6984375 0.6734375 0.0203125 0.02109375