4 0.53203125 0.778125 0.1078125 0.140625
4 0.80546875 0.671875 0.0640625 0.0859375
4 0.2953125 0.66015625 0.059375 0.0859375
4 0.34453125 0.6328125 0.0484375 0.059375
4 0.08984375 0.7125 0.1265625 0.10625
4 0.215625 0.6171875 0.0515625 0.0671875
0 0.5296875 0.80546875 0.034375 0.0328125
3 0.2046875 0.63203125 0.0171875 0.015625
3 0.12421875 0.7265625 0.0171875 0.0296875
0 0.7953125 0.68828125 0.01875 0.0171875
0 0.8296875 0.6984375 0.0171875 0.01640625
0 0.33671875 0.64609375 0.0171875 0.01875
0 0.3609375 0.63984375 0.01171875 0.01640625
3 0.3015625 0.6734375 0.0203125 0.02109375