4 0.92421875 0.69140625 0.078125 0.0875
0 0.91015625 0.703125 0.01875 0.01875
4 0.875 0.634375 0.0515625 0.046875
0 0.8640625 0.640625 0.0125 0.0140625
4 0.39296875 0.68515625 0.0546875 0.0796875
4 0.31640625 0.659375 0.05 0.0359375
3 0.38828125 0.703125 0.015625 0.0203125
3 0.3078125 0.66328125 0.0125 0.0125
3 0.253125 0.64140625 0.0203125 0.015625
3 0.10234375 0.80390625 0.021875 0.03125
3 0.15546875 0.79765625 0.021875 0.0296875
4 0.121875 0.7796875 0.1359375 0.128125
0 0.95078125 0.71796875 0.015625 0.01953125