4 0.07578125 0.69140625 0.078125 0.0875
0 0.08984375 0.703125 0.01875 0.01875
4 0.125 0.634375 0.0515625 0.046875
0 0.1359375 0.640625 0.0125 0.0140625
4 0.60703125 0.68515625 0.0546875 0.0796875
4 0.68359375 0.659375 0.05 0.0359375
3 0.61171875 0.703125 0.015625 0.0203125
3 0.6921875 0.66328125 0.0125 0.0125
3 0.746875 0.64140625 0.0203125 0.015625
3 0.89765625 0.80390625 0.021875 0.03125
3 0.84453125 0.79765625 0.021875 0.0296875
4 0.878125 0.7796875 0.1359375 0.128125
0 0.04921875 0.71796875 0.015625 0.01953125